image: TDU_0113_3.pgm
resolution: 0.050000
origin: [-4.579712, -10.610474, 0.000000]
negate: 0
occupied_thresh: 0.65
free_thresh: 0.196

